{"producer":{"name":"Blender","version":"2.83.5","exporter_version":"6.4.6","file":"michelle.babylon"},
"autoClear":true,"clearColor":[0.0509,0.0509,0.0509],"gravity":[0,-9.81,0],
"materials":[{"name":"Ch03_Body","id":"Ch03_Body","customType":"BABYLON.PBRMaterial","backFaceCulling":true,"checkReadyOnlyOnce":false,"maxSimultaneousLights":4,"environmentIntensity":1,"roughness":1,"alpha":1,"transparencyMode":0,"alphaCutOff":0.4,"metallic":0.5, 
"albedoTexture":{"name":"Ch03_1001_Diffuse.png","level":1,"hasAlpha":true,"coordinatesMode":0,"uOffset":0,"vOffset":0,"uScale":1,"vScale":1,"uAng":0,"vAng":0,"wAng":0,"wrapU":1,"wrapV":1,"coordinatesIndex":0},"useAlphaFromAlbedoTexture":true, 
"reflectivityTexture":{"name":"Ch03_1001_Specular.png","level":1,"hasAlpha":true,"coordinatesMode":0,"uOffset":0,"vOffset":0,"uScale":1,"vScale":1,"uAng":0,"vAng":0,"wAng":0,"wrapU":1,"wrapV":1,"coordinatesIndex":0}, 
"bumpTexture":{"name":"Ch03_1001_Normal.png","level":1,"hasAlpha":true,"coordinatesMode":0,"uOffset":0,"vOffset":0,"uScale":1,"vScale":1,"uAng":0,"vAng":0,"wAng":0,"wrapU":1,"wrapV":1,"coordinatesIndex":0}, 
"metallicTexture":{"name":"Ch03_1001_Glossiness.png","level":1,"hasAlpha":true,"coordinatesMode":0,"uOffset":0,"vOffset":0,"uScale":1,"vScale":1,"uAng":0,"vAng":0,"wAng":0,"wrapU":1,"wrapV":1,"coordinatesIndex":0},"useMetallnessFromMetallicTextureBlue":false,"useRoughnessFromMetallicTextureGreen":true,"useAmbientOcclusionFromMetallicTextureRed":false,"useRoughnessFromMetallicTextureAlpha":false}],
"multiMaterials":[],
"skeletons":[{"name":"Armature","id":0,"dimensionsAtRest":[150.6117,179.8743,32.8352],"bones":[
{"name":"mixamorig:Hips","index":0,"matrix":[-1,0.0001,0,0,0.0001,1,0,0,0,0,1,0,0.0007,102.6742,0.5689,1],"rest":[-1,0,0,0,0,1,0,0,0,0,1,0,0,102.6253,-0.5212,1],"parentBoneIndex":-1,"length":9.2384
,"animation":{"dataType":3,"framePerSecond":30,"keys":[
{"frame":1,"values":[-1,0.0001,0,0,0.0001,1,0,0,0,0,1,0,0.0007,102.6742,0.5689,1]},
{"frame":2,"values":[-1,0.0001,0,0,0.0001,1,0,0,0,0,1,0,0.0007,102.6742,0.5689,1]}],"loopBehavior":1,"name":"anim","property":"_matrix"}},
{"name":"mixamorig:Spine","index":1,"matrix":[1,-0.0001,0,0,0.0001,1,-0.0057,0,0,0.0057,1,0,0,5.6457,-0.0319,1],"rest":[1,0,0,0,0,1,-0.0057,0,0,0.0057,1,0,0,5.6457,-0.0319,1],"parentBoneIndex":0,"length":6.5868
,"animation":{"dataType":3,"framePerSecond":30,"keys":[
{"frame":1,"values":[1,-0.0001,0,0,0.0001,1,-0.0057,0,0,0.0057,1,0,0,5.6457,-0.0319,1]},
{"frame":2,"values":[1,-0.0001,0,0,0.0001,1,-0.0057,0,0,0.0057,1,0,0,5.6457,-0.0319,1]}],"loopBehavior":1,"name":"anim","property":"_matrix"}},
{"name":"mixamorig:Spine1","index":2,"matrix":[1,0,0,0,0,1,0,0,0,0,1,0,0,6.5868,0,1],"rest":[1,0,0,0,0,1,0,0,0,0,1,0,0,6.5868,0,1],"parentBoneIndex":1,"length":7.5277
,"animation":{"dataType":3,"framePerSecond":30,"keys":[
{"frame":1,"values":[1,0,0,0,0,1,0,0,0,0,1,0,0,6.5868,0,1]},
{"frame":2,"values":[1,0,0,0,0,1,0,0,0,0,1,0,0,6.5868,0,1]}],"loopBehavior":1,"name":"anim","property":"_matrix"}},
{"name":"mixamorig:Spine2","index":3,"matrix":[1,0,0,0,0,1,0,0,0,0,1,0,0,7.5277,0,1],"rest":[1,0,0,0,0,1,0,0,0,0,1,0,0,7.5277,0,1],"parentBoneIndex":2,"length":8.2218
,"animation":{"dataType":3,"framePerSecond":30,"keys":[
{"frame":1,"values":[1,0,0,0,0,1,0,0,0,0,1,0,0,7.5277,0,1]},
{"frame":2,"values":[1,0,0,0,0,1,0,0,0,0,1,0,0,7.5277,0,1]}],"loopBehavior":1,"name":"anim","property":"_matrix"}},
{"name":"mixamorig:Neck","index":4,"matrix":[1,0,0,0,0,1,0.0057,0,0,-0.0057,1,0,0,8.4687,0,1],"rest":[1,0,0,0,0,1,0.0057,0,0,-0.0057,1,0,0,8.4687,0,1],"parentBoneIndex":3,"length":6.1098
,"animation":{"dataType":3,"framePerSecond":30,"keys":[
{"frame":1,"values":[1,0,0,0,0,1,0.0057,0,0,-0.0057,1,0,0,8.4687,0,1]},
{"frame":2,"values":[1,0,0,0,0,1,0.0057,0,0,-0.0057,1,0,0,8.4687,0,1]}],"loopBehavior":1,"name":"anim","property":"_matrix"}},
{"name":"mixamorig:Head","index":5,"matrix":[1,0,0,0,0,1,0,0,0,0,1,0,0,5.9989,-1.159,1],"rest":[1,0,0,0,0,1,0,0,0,0,1,0,0,5.9989,-1.159,1],"parentBoneIndex":4,"length":22.151
,"animation":{"dataType":3,"framePerSecond":30,"keys":[
{"frame":1,"values":[1,0,0,0,0,1,0,0,0,0,1,0,0,5.9989,-1.159,1]},
{"frame":2,"values":[1,0,0,0,0,1,0,0,0,0,1,0,0,5.9989,-1.159,1]}],"loopBehavior":1,"name":"anim","property":"_matrix"}},
{"name":"mixamorig:HeadTop_End","index":6,"matrix":[1,0,0,0,0,1,0,0,0,0,1,0,0,21.7488,-4.2018,1],"rest":[1,0,0,0,0,1,0,0,0,0,1,0,0,21.7488,-4.2018,1],"parentBoneIndex":5,"length":22.151
,"animation":{"dataType":3,"framePerSecond":30,"keys":[
{"frame":1,"values":[1,0,0,0,0,1,0,0,0,0,1,0,0,21.7488,-4.2018,1]},
{"frame":2,"values":[1,0,0,0,0,1,0,0,0,0,1,0,0,21.7488,-4.2018,1]}],"loopBehavior":1,"name":"anim","property":"_matrix"}},
{"name":"mixamorig:LeftShoulder","index":7,"matrix":[-0.0051,0,-1,0,0.9505,-0.3107,-0.0048,0,-0.3107,-0.9505,0.0016,0,3.4147,7.3434,-0.0174,1],"rest":[-0.0051,0,-1,0,0.9499,-0.3125,-0.0048,0,-0.3125,-0.9499,0.0016,0,3.4146,7.3434,-0.0174,1],"parentBoneIndex":3,"length":7.1897
,"animation":{"dataType":3,"framePerSecond":30,"keys":[
{"frame":1,"values":[-0.0051,0,-1,0,0.9505,-0.3107,-0.0048,0,-0.3107,-0.9505,0.0016,0,3.4147,7.3434,-0.0174,1]},
{"frame":2,"values":[-0.0051,0,-1,0,0.9505,-0.3107,-0.0048,0,-0.3107,-0.9505,0.0016,0,3.4147,7.3434,-0.0174,1]}],"loopBehavior":1,"name":"anim","property":"_matrix"}},
{"name":"mixamorig:LeftArm","index":8,"matrix":[1,0.0064,0.0031,0,-0.0051,0.9505,-0.3107,0,-0.005,0.3107,0.9505,0,0,7.1897,0,1],"rest":[0.9999,0.0164,0,0,-0.0156,0.9551,-0.2957,0,-0.0048,0.2957,0.9553,0,0,7.1897,-0.0001,1],"parentBoneIndex":7,"length":24.2036
,"animation":{"dataType":3,"framePerSecond":30,"keys":[
{"frame":1,"values":[1,0.0064,0.0031,0,-0.0051,0.9505,-0.3107,0,-0.005,0.3107,0.9505,0,0,7.1897,0,1]},
{"frame":2,"values":[1,0.0064,0.0031,0,-0.0051,0.9505,-0.3107,0,-0.005,0.3107,0.9505,0,0,7.1897,0,1]}],"loopBehavior":1,"name":"anim","property":"_matrix"}},
{"name":"mixamorig:LeftForeArm","index":9,"matrix":[1,0,0.0002,0,0,1,0,0,-0.0002,0,1,0,0,24.2036,0,1],"rest":[0.9998,0.0205,0,0,-0.0205,0.9996,-0.0172,0,-0.0004,0.0172,0.9999,0,0,24.2036,0.0001,1],"parentBoneIndex":8,"length":21.5951
,"animation":{"dataType":3,"framePerSecond":30,"keys":[
{"frame":1,"values":[1,0,0.0002,0,0,1,0,0,-0.0002,0,1,0,0,24.2036,0,1]},
{"frame":2,"values":[1,0,0.0002,0,0,1,0,0,-0.0002,0,1,0,0,24.2036,0,1]}],"loopBehavior":1,"name":"anim","property":"_matrix"}},
{"name":"mixamorig:LeftHand","index":10,"matrix":[0.9936,-0.111,-0.0203,0,0.1113,0.9937,0.0119,0,0.0188,-0.0141,0.9997,0,0,21.5951,0,1],"rest":[0.9908,-0.0587,-0.1222,0,0.0545,0.9978,-0.0378,0,0.1241,0.0308,0.9918,0,0,21.5951,0.0001,1],"parentBoneIndex":9,"length":6.708
,"animation":{"dataType":3,"framePerSecond":30,"keys":[
{"frame":1,"values":[0.9936,-0.111,-0.0203,0,0.1113,0.9937,0.0119,0,0.0188,-0.0141,0.9997,0,0,21.5951,0,1]},
{"frame":2,"values":[0.9936,-0.111,-0.0203,0,0.1113,0.9937,0.0119,0,0.0188,-0.0141,0.9997,0,0,21.5951,0,1]}],"loopBehavior":1,"name":"anim","property":"_matrix"}},
{"name":"mixamorig:LeftHandThumb1","index":11,"matrix":[0.8858,0.4582,-0.0734,0,-0.3874,0.8174,0.4264,0,0.2553,-0.3493,0.9016,0,-2.1453,2.0982,1.1067,1],"rest":[0.819,0.5739,0,0,-0.5373,0.7668,0.3513,0,0.2016,-0.2877,0.9363,0,-2.1453,2.0982,1.1067,1],"parentBoneIndex":10,"length":2.5588
,"animation":{"dataType":3,"framePerSecond":30,"keys":[
{"frame":1,"values":[0.8858,0.4582,-0.0734,0,-0.3874,0.8174,0.4264,0,0.2553,-0.3493,0.9016,0,-2.1453,2.0982,1.1067,1]},
{"frame":2,"values":[0.8858,0.4582,-0.0734,0,-0.3874,0.8174,0.4264,0,0.2553,-0.3493,0.9016,0,-2.1453,2.0982,1.1067,1]}],"loopBehavior":1,"name":"anim","property":"_matrix"}},
{"name":"mixamorig:LeftHandThumb2","index":12,"matrix":[0.982,0.1887,-0.0048,0,-0.1887,0.982,0.0001,0,0.0048,0.0008,1,0,-0.4422,2.5202,0,1],"rest":[1,0,0,0,0,0.9981,-0.061,0,0,0.061,0.9981,0,-0.4422,2.5203,-0.0001,1],"parentBoneIndex":11,"length":3.1059
,"animation":{"dataType":3,"framePerSecond":30,"keys":[
{"frame":1,"values":[0.982,0.1887,-0.0048,0,-0.1887,0.982,0.0001,0,0.0048,0.0008,1,0,-0.4422,2.5202,0,1]},
{"frame":2,"values":[0.982,0.1887,-0.0048,0,-0.1887,0.982,0.0001,0,0.0048,0.0008,1,0,-0.4422,2.5202,0,1]}],"loopBehavior":1,"name":"anim","property":"_matrix"}},
{"name":"mixamorig:LeftHandThumb3","index":13,"matrix":[0.9916,0.1289,0.0032,0,-0.1289,0.9917,-0.0005,0,-0.0032,0.0001,1,0,0.0501,3.1055,0,1],"rest":[1,0,0,0,0,0.9992,-0.0395,0,0,0.0395,0.9992,0,0.0501,3.1055,0.0001,1],"parentBoneIndex":12,"length":2.7056
,"animation":{"dataType":3,"framePerSecond":30,"keys":[
{"frame":1,"values":[0.9916,0.1289,0.0032,0,-0.1289,0.9917,-0.0005,0,-0.0032,0.0001,1,0,0.0501,3.1055,0,1]},
{"frame":2,"values":[0.9916,0.1289,0.0032,0,-0.1289,0.9917,-0.0005,0,-0.0032,0.0001,1,0,0.0501,3.1055,0,1]}],"loopBehavior":1,"name":"anim","property":"_matrix"}},
{"name":"mixamorig:LeftHandThumb4","index":14,"matrix":[1,0,0,0,0,1,0,0,0,0,1,0,0.3921,2.6771,0,1],"rest":[1,0,0,0,0,1,0,0,0,0,1,0,0.3921,2.6771,0,1],"parentBoneIndex":13,"length":2.7056
,"animation":{"dataType":3,"framePerSecond":30,"keys":[
{"frame":1,"values":[1,0,0,0,0,1,0,0,0,0,1,0,0.3921,2.6771,0,1]},
{"frame":2,"values":[1,0,0,0,0,1,0,0,0,0,1,0,0.3921,2.6771,0,1]}],"loopBehavior":1,"name":"anim","property":"_matrix"}},
{"name":"mixamorig:LeftHandIndex1","index":15,"matrix":[0.9938,0.1108,0,0,-0.1108,0.9937,-0.0141,0,-0.0016,0.014,0.9999,0,-2.561,7.1001,0.0486,1],"rest":[0.994,0.1097,0,0,-0.1096,0.9935,0.0301,0,0.0033,-0.0299,0.9995,0,-2.5611,7.1001,0.0486,1],"parentBoneIndex":10,"length":3.0001
,"animation":{"dataType":3,"framePerSecond":30,"keys":[
{"frame":1,"values":[0.9938,0.1108,0,0,-0.1108,0.9937,-0.0141,0,-0.0016,0.014,0.9999,0,-2.561,7.1001,0.0486,1]},
{"frame":2,"values":[0.9938,0.1108,0,0,-0.1108,0.9937,-0.0141,0,-0.0016,0.014,0.9999,0,-2.561,7.1001,0.0486,1]}],"loopBehavior":1,"name":"anim","property":"_matrix"}},
{"name":"mixamorig:LeftHandIndex2","index":16,"matrix":[1,0.0004,0,0,-0.0004,1,0,0,0,0,1,0,-0.0006,3.0001,0,1],"rest":[1,0,0,0,0,0.9999,0.0163,0,0,-0.0163,0.9999,0,-0.0006,3.0001,0,1],"parentBoneIndex":15,"length":2.7486
,"animation":{"dataType":3,"framePerSecond":30,"keys":[
{"frame":1,"values":[1,0.0004,0,0,-0.0004,1,0,0,0,0,1,0,-0.0006,3.0001,0,1]},
{"frame":2,"values":[1,0.0004,0,0,-0.0004,1,0,0,0,0,1,0,-0.0006,3.0001,0,1]}],"loopBehavior":1,"name":"anim","property":"_matrix"}},
{"name":"mixamorig:LeftHandIndex3","index":17,"matrix":[1,-0.0001,0,0,0.0001,1,0,0,0,0,1,0,0.0005,2.7486,0,1],"rest":[1,0,0,0,0,1,-0.0075,0,0,0.0075,1,0,0.0005,2.7486,0.0001,1],"parentBoneIndex":16,"length":2.3344
,"animation":{"dataType":3,"framePerSecond":30,"keys":[
{"frame":1,"values":[1,-0.0001,0,0,0.0001,1,0,0,0,0,1,0,0.0005,2.7486,0,1]},
{"frame":2,"values":[1,-0.0001,0,0,0.0001,1,0,0,0,0,1,0,0.0005,2.7486,0,1]}],"loopBehavior":1,"name":"anim","property":"_matrix"}},
{"name":"mixamorig:LeftHandIndex4","index":18,"matrix":[1,0,0,0,0,1,0,0,0,0,1,0,0.0001,2.3343,0,1],"rest":[1,0,0,0,0,1,0,0,0,0,1,0,0.0001,2.3343,0,1],"parentBoneIndex":17,"length":2.3343
,"animation":{"dataType":3,"framePerSecond":30,"keys":[
{"frame":1,"values":[1,0,0,0,0,1,0,0,0,0,1,0,0.0001,2.3343,0,1]},
{"frame":2,"values":[1,0,0,0,0,1,0,0,0,0,1,0,0.0001,2.3343,0,1]}],"loopBehavior":1,"name":"anim","property":"_matrix"}},
{"name":"mixamorig:LeftHandMiddle1","index":19,"matrix":[0.9939,0.1105,-0.0011,0,-0.1105,0.9938,-0.0141,0,-0.0005,0.0141,0.9999,0,-0.8249,7.3827,-0.1047,1],"rest":[0.9998,0.0212,0,0,-0.0212,0.9997,-0.0105,0,-0.0002,0.0105,0.9999,0,-0.8249,7.3827,-0.1048,1],"parentBoneIndex":10,"length":3.3795
,"animation":{"dataType":3,"framePerSecond":30,"keys":[
{"frame":1,"values":[0.9939,0.1105,-0.0011,0,-0.1105,0.9938,-0.0141,0,-0.0005,0.0141,0.9999,0,-0.8249,7.3827,-0.1047,1]},
{"frame":2,"values":[0.9939,0.1105,-0.0011,0,-0.1105,0.9938,-0.0141,0,-0.0005,0.0141,0.9999,0,-0.8249,7.3827,-0.1047,1]}],"loopBehavior":1,"name":"anim","property":"_matrix"}},
{"name":"mixamorig:LeftHandMiddle2","index":20,"matrix":[1,0.0023,-0.0001,0,-0.0023,1,0,0,0.0001,0,1,0,-0.0019,3.3796,0,1],"rest":[1,0,0,0,0,0.9946,0.104,0,0,-0.104,0.9946,0,-0.0019,3.3796,0.0001,1],"parentBoneIndex":19,"length":3.1909
,"animation":{"dataType":3,"framePerSecond":30,"keys":[
{"frame":1,"values":[1,0.0023,-0.0001,0,-0.0023,1,0,0,0.0001,0,1,0,-0.0019,3.3796,0,1]},
{"frame":2,"values":[1,0.0023,-0.0001,0,-0.0023,1,0,0,0.0001,0,1,0,-0.0019,3.3796,0,1]}],"loopBehavior":1,"name":"anim","property":"_matrix"}},
{"name":"mixamorig:LeftHandMiddle3","index":21,"matrix":[1,-0.003,0,0,0.003,1,0,0,0,0,1,0,0.0055,3.1908,0,1],"rest":[1,0,0,0,0,0.9901,-0.1403,0,0,0.1403,0.9901,0,0.0055,3.1909,0,1],"parentBoneIndex":20,"length":2.752
,"animation":{"dataType":3,"framePerSecond":30,"keys":[
{"frame":1,"values":[1,-0.003,0,0,0.003,1,0,0,0,0,1,0,0.0055,3.1908,0,1]},
{"frame":2,"values":[1,-0.003,0,0,0.003,1,0,0,0,0,1,0,0.0055,3.1908,0,1]}],"loopBehavior":1,"name":"anim","property":"_matrix"}},
{"name":"mixamorig:LeftHandMiddle4","index":22,"matrix":[1,0,0,0,0,1,0,0,0,0,1,0,-0.0036,2.752,0,1],"rest":[1,0,0,0,0,1,0,0,0,0,1,0,-0.0036,2.752,0,1],"parentBoneIndex":21,"length":2.752
,"animation":{"dataType":3,"framePerSecond":30,"keys":[
{"frame":1,"values":[1,0,0,0,0,1,0,0,0,0,1,0,-0.0036,2.752,0,1]},
{"frame":2,"values":[1,0,0,0,0,1,0,0,0,0,1,0,-0.0036,2.752,0,1]}],"loopBehavior":1,"name":"anim","property":"_matrix"}},
{"name":"mixamorig:LeftHandRing1","index":23,"matrix":[0.994,0.1094,-0.0068,0,-0.1095,0.9939,-0.0141,0,0.0052,0.0148,0.9999,0,0.8878,7.5375,0.0964,1],"rest":[0.9988,-0.0483,0,0,0.0481,0.9964,-0.07,0,0.0034,0.0699,0.9975,0,0.8878,7.5376,0.0963,1],"parentBoneIndex":10,"length":2.8452
,"animation":{"dataType":3,"framePerSecond":30,"keys":[
{"frame":1,"values":[0.994,0.1094,-0.0068,0,-0.1095,0.9939,-0.0141,0,0.0052,0.0148,0.9999,0,0.8878,7.5375,0.0964,1]},
{"frame":2,"values":[0.994,0.1094,-0.0068,0,-0.1095,0.9939,-0.0141,0,0.0052,0.0148,0.9999,0,0.8878,7.5375,0.0964,1]}],"loopBehavior":1,"name":"anim","property":"_matrix"}},
{"name":"mixamorig:LeftHandRing2","index":24,"matrix":[1,0.0018,0.0001,0,-0.0018,1,0,0,-0.0001,0,1,0,-0.0043,2.8452,0,1],"rest":[1,0,0,0,0,0.9968,0.0796,0,0,-0.0796,0.9968,0,-0.0043,2.8452,0,1],"parentBoneIndex":23,"length":2.681
,"animation":{"dataType":3,"framePerSecond":30,"keys":[
{"frame":1,"values":[1,0.0018,0.0001,0,-0.0018,1,0,0,-0.0001,0,1,0,-0.0043,2.8452,0,1]},
{"frame":2,"values":[1,0.0018,0.0001,0,-0.0018,1,0,0,-0.0001,0,1,0,-0.0043,2.8452,0,1]}],"loopBehavior":1,"name":"anim","property":"_matrix"}},
{"name":"mixamorig:LeftHandRing3","index":25,"matrix":[1,0.0013,-0.0001,0,-0.0013,1,0,0,0.0001,0,1,0,0.0007,2.681,0,1],"rest":[1,0,0,0,0,0.9984,0.0569,0,0,-0.0569,0.9984,0,0.0007,2.681,0,1],"parentBoneIndex":24,"length":2.2807
,"animation":{"dataType":3,"framePerSecond":30,"keys":[
{"frame":1,"values":[1,0.0013,-0.0001,0,-0.0013,1,0,0,0.0001,0,1,0,0.0007,2.681,0,1]},
{"frame":2,"values":[1,0.0013,-0.0001,0,-0.0013,1,0,0,0.0001,0,1,0,0.0007,2.681,0,1]}],"loopBehavior":1,"name":"anim","property":"_matrix"}},
{"name":"mixamorig:LeftHandRing4","index":26,"matrix":[1,0,0,0,0,1,0,0,0,0,1,0,0.0035,2.2807,0,1],"rest":[1,0,0,0,0,1,0,0,0,0,1,0,0.0035,2.2807,0,1],"parentBoneIndex":25,"length":2.2807
,"animation":{"dataType":3,"framePerSecond":30,"keys":[
{"frame":1,"values":[1,0,0,0,0,1,0,0,0,0,1,0,0.0035,2.2807,0,1]},
{"frame":2,"values":[1,0,0,0,0,1,0,0,0,0,1,0,0.0035,2.2807,0,1]}],"loopBehavior":1,"name":"anim","property":"_matrix"}},
{"name":"mixamorig:LeftHandPinky1","index":27,"matrix":[0.9938,0.1112,-0.0002,0,-0.1112,0.9937,-0.0141,0,-0.0014,0.014,0.9999,0,2.4982,7.3618,0.0287,1],"rest":[0.9971,-0.0757,0,0,0.0757,0.9971,0.0125,0,-0.0009,-0.0125,0.9999,0,2.4982,7.3617,0.0287,1],"parentBoneIndex":10,"length":2.4802
,"animation":{"dataType":3,"framePerSecond":30,"keys":[
{"frame":1,"values":[0.9938,0.1112,-0.0002,0,-0.1112,0.9937,-0.0141,0,-0.0014,0.014,0.9999,0,2.4982,7.3618,0.0287,1]},
{"frame":2,"values":[0.9938,0.1112,-0.0002,0,-0.1112,0.9937,-0.0141,0,-0.0014,0.014,0.9999,0,2.4982,7.3618,0.0287,1]}],"loopBehavior":1,"name":"anim","property":"_matrix"}},
{"name":"mixamorig:LeftHandPinky2","index":28,"matrix":[1,0.0005,0,0,-0.0005,1,0,0,0,0,1,0,0.0005,2.4802,0,1],"rest":[1,0,0,0,0,0.9998,0.022,0,0,-0.022,0.9998,0,0.0005,2.4802,-0.0001,1],"parentBoneIndex":27,"length":1.9511
,"animation":{"dataType":3,"framePerSecond":30,"keys":[
{"frame":1,"values":[1,0.0005,0,0,-0.0005,1,0,0,0,0,1,0,0.0005,2.4802,0,1]},
{"frame":2,"values":[1,0.0005,0,0,-0.0005,1,0,0,0,0,1,0,0.0005,2.4802,0,1]}],"loopBehavior":1,"name":"anim","property":"_matrix"}},
{"name":"mixamorig:LeftHandPinky3","index":29,"matrix":[1,-0.0019,0,0,0.0019,1,0,0,0,0,1,0,0.0014,1.9511,0,1],"rest":[1,0,0,0,0,0.9966,-0.0821,0,0,0.0821,0.9966,0,0.0014,1.9511,0,1],"parentBoneIndex":28,"length":1.6595
,"animation":{"dataType":3,"framePerSecond":30,"keys":[
{"frame":1,"values":[1,-0.0019,0,0,0.0019,1,0,0,0,0,1,0,0.0014,1.9511,0,1]},
{"frame":2,"values":[1,-0.0019,0,0,0.0019,1,0,0,0,0,1,0,0.0014,1.9511,0,1]}],"loopBehavior":1,"name":"anim","property":"_matrix"}},
{"name":"mixamorig:LeftHandPinky4","index":30,"matrix":[1,0,0,0,0,1,0,0,0,0,1,0,-0.0019,1.6595,0,1],"rest":[1,0,0,0,0,1,0,0,0,0,1,0,-0.0019,1.6595,0,1],"parentBoneIndex":29,"length":1.6595
,"animation":{"dataType":3,"framePerSecond":30,"keys":[
{"frame":1,"values":[1,0,0,0,0,1,0,0,0,0,1,0,-0.0019,1.6595,0,1]},
{"frame":2,"values":[1,0,0,0,0,1,0,0,0,0,1,0,-0.0019,1.6595,0,1]}],"loopBehavior":1,"name":"anim","property":"_matrix"}},
{"name":"mixamorig:RightShoulder","index":31,"matrix":[0.0014,0,1,0,-0.9505,-0.3106,0.0013,0,0.3106,-0.9505,-0.0004,0,-3.4147,7.3433,0.0047,1],"rest":[0.0014,0,1,0,-0.9499,-0.3125,0.0013,0,0.3125,-0.9499,-0.0004,0,-3.4146,7.3432,0.0047,1],"parentBoneIndex":3,"length":7.1897
,"animation":{"dataType":3,"framePerSecond":30,"keys":[
{"frame":1,"values":[0.0014,0,1,0,-0.9505,-0.3106,0.0013,0,0.3106,-0.9505,-0.0004,0,-3.4147,7.3433,0.0047,1]},
{"frame":2,"values":[0.0014,0,1,0,-0.9505,-0.3106,0.0013,0,0.3106,-0.9505,-0.0004,0,-3.4147,7.3433,0.0047,1]}],"loopBehavior":1,"name":"anim","property":"_matrix"}},
{"name":"mixamorig:RightArm","index":32,"matrix":[1,0.0008,-0.0019,0,-0.0014,0.9505,-0.3108,0,0.0016,0.3108,0.9505,0,0,7.1897,0,1],"rest":[1,-0.0053,0,0,0.0051,0.9552,-0.2958,0,0.0016,0.2958,0.9552,0,0,7.1897,0,1],"parentBoneIndex":31,"length":24.2027
,"animation":{"dataType":3,"framePerSecond":30,"keys":[
{"frame":1,"values":[1,0.0008,-0.0019,0,-0.0014,0.9505,-0.3108,0,0.0016,0.3108,0.9505,0,0,7.1897,0,1]},
{"frame":2,"values":[1,0.0008,-0.0019,0,-0.0014,0.9505,-0.3108,0,0.0016,0.3108,0.9505,0,0,7.1897,0,1]}],"loopBehavior":1,"name":"anim","property":"_matrix"}},
{"name":"mixamorig:RightForeArm","index":33,"matrix":[1,0,-0.0002,0,0,1,0,0,0.0002,0,1,0,0,24.2027,0,1],"rest":[0.9997,-0.0254,0,0,0.0254,0.9995,-0.0172,0,0.0004,0.0172,0.9999,0,0,24.2027,0,1],"parentBoneIndex":32,"length":21.5956
,"animation":{"dataType":3,"framePerSecond":30,"keys":[
{"frame":1,"values":[1,0,-0.0002,0,0,1,0,0,0.0002,0,1,0,0,24.2027,0,1]},
{"frame":2,"values":[1,0,-0.0002,0,0,1,0,0,0.0002,0,1,0,0,24.2027,0,1]}],"loopBehavior":1,"name":"anim","property":"_matrix"}},
{"name":"mixamorig:RightHand","index":34,"matrix":[0.9932,0.1144,0.0222,0,-0.1146,0.9933,0.0126,0,-0.0206,-0.0151,0.9997,0,0,21.5956,0,1],"rest":[0.9922,0.0614,0.1085,0,-0.0571,0.9975,-0.0422,0,-0.1108,0.0357,0.9932,0,0,21.5956,-0.0001,1],"parentBoneIndex":33,"length":6.7018
,"animation":{"dataType":3,"framePerSecond":30,"keys":[
{"frame":1,"values":[0.9932,0.1144,0.0222,0,-0.1146,0.9933,0.0126,0,-0.0206,-0.0151,0.9997,0,0,21.5956,0,1]},
{"frame":2,"values":[0.9932,0.1144,0.0222,0,-0.1146,0.9933,0.0126,0,-0.0206,-0.0151,0.9997,0,0,21.5956,0,1]}],"loopBehavior":1,"name":"anim","property":"_matrix"}},
{"name":"mixamorig:RightHandThumb1","index":35,"matrix":[0.8826,-0.4653,0.0672,0,0.3968,0.8139,0.4243,0,-0.2521,-0.3478,0.903,0,2.1654,2.1352,1.1745,1],"rest":[0.8189,-0.574,0,0,0.5343,0.7622,0.3655,0,-0.2098,-0.2993,0.9308,0,2.1654,2.1353,1.1745,1],"parentBoneIndex":34,"length":2.608
,"animation":{"dataType":3,"framePerSecond":30,"keys":[
{"frame":1,"values":[0.8826,-0.4653,0.0672,0,0.3968,0.8139,0.4243,0,-0.2521,-0.3478,0.903,0,2.1654,2.1352,1.1745,1]},
{"frame":2,"values":[0.8826,-0.4653,0.0672,0,0.3968,0.8139,0.4243,0,-0.2521,-0.3478,0.903,0,2.1654,2.1352,1.1745,1]}],"loopBehavior":1,"name":"anim","property":"_matrix"}},
{"name":"mixamorig:RightHandThumb2","index":36,"matrix":[0.9828,-0.1847,0.0057,0,0.1847,0.9828,0.0001,0,-0.0056,0.001,1,0,0.4381,2.571,0,1],"rest":[1,0,0,0,0,0.9972,-0.0742,0,0,0.0742,0.9972,0,0.4381,2.5709,-0.0001,1],"parentBoneIndex":35,"length":3.0597
,"animation":{"dataType":3,"framePerSecond":30,"keys":[
{"frame":1,"values":[0.9828,-0.1847,0.0057,0,0.1847,0.9828,0.0001,0,-0.0056,0.001,1,0,0.4381,2.571,0,1]},
{"frame":2,"values":[0.9828,-0.1847,0.0057,0,0.1847,0.9828,0.0001,0,-0.0056,0.001,1,0,0.4381,2.571,0,1]}],"loopBehavior":1,"name":"anim","property":"_matrix"}},
{"name":"mixamorig:RightHandThumb3","index":37,"matrix":[0.9917,-0.1286,-0.0015,0,0.1286,0.9917,-0.0002,0,0.0015,0,1,0,-0.0521,3.0593,0,1],"rest":[1,0,0,0,0,0.9998,-0.0186,0,0,0.0186,0.9998,0,-0.0521,3.0593,0.0001,1],"parentBoneIndex":36,"length":2.6534
,"animation":{"dataType":3,"framePerSecond":30,"keys":[
{"frame":1,"values":[0.9917,-0.1286,-0.0015,0,0.1286,0.9917,-0.0002,0,0.0015,0,1,0,-0.0521,3.0593,0,1]},
{"frame":2,"values":[0.9917,-0.1286,-0.0015,0,0.1286,0.9917,-0.0002,0,0.0015,0,1,0,-0.0521,3.0593,0,1]}],"loopBehavior":1,"name":"anim","property":"_matrix"}},
{"name":"mixamorig:RightHandThumb4","index":38,"matrix":[1,0,0,0,0,1,0,0,0,0,1,0,-0.386,2.6252,0,1],"rest":[1,0,0,0,0,1,0,0,0,0,1,0,-0.386,2.6252,0,1],"parentBoneIndex":37,"length":2.6534
,"animation":{"dataType":3,"framePerSecond":30,"keys":[
{"frame":1,"values":[1,0,0,0,0,1,0,0,0,0,1,0,-0.386,2.6252,0,1]},
{"frame":2,"values":[1,0,0,0,0,1,0,0,0,0,1,0,-0.386,2.6252,0,1]}],"loopBehavior":1,"name":"anim","property":"_matrix"}},
{"name":"mixamorig:RightHandIndex1","index":39,"matrix":[0.9934,-0.1147,0.0001,0,0.1147,0.9933,-0.0151,0,0.0016,0.015,0.9999,0,2.567,7.105,0.0394,1],"rest":[0.9918,-0.1275,0,0,0.1274,0.9913,0.0345,0,-0.0044,-0.0342,0.9994,0,2.567,7.105,0.0395,1],"parentBoneIndex":34,"length":2.9493
,"animation":{"dataType":3,"framePerSecond":30,"keys":[
{"frame":1,"values":[0.9934,-0.1147,0.0001,0,0.1147,0.9933,-0.0151,0,0.0016,0.015,0.9999,0,2.567,7.105,0.0394,1]},
{"frame":2,"values":[0.9934,-0.1147,0.0001,0,0.1147,0.9933,-0.0151,0,0.0016,0.015,0.9999,0,2.567,7.105,0.0394,1]}],"loopBehavior":1,"name":"anim","property":"_matrix"}},
{"name":"mixamorig:RightHandIndex2","index":40,"matrix":[1,-0.0016,0,0,0.0016,1,0,0,0,0,1,0,-0.001,2.9493,0,1],"rest":[1,0,0,0,0,0.9992,0.041,0,0,-0.041,0.9992,0,-0.001,2.9493,-0.0001,1],"parentBoneIndex":39,"length":2.8016
,"animation":{"dataType":3,"framePerSecond":30,"keys":[
{"frame":1,"values":[1,-0.0016,0,0,0.0016,1,0,0,0,0,1,0,-0.001,2.9493,0,1]},
{"frame":2,"values":[1,-0.0016,0,0,0.0016,1,0,0,0,0,1,0,-0.001,2.9493,0,1]}],"loopBehavior":1,"name":"anim","property":"_matrix"}},
{"name":"mixamorig:RightHandIndex3","index":41,"matrix":[1,0.0047,0,0,-0.0047,1,0,0,0,0,1,0,-0.0055,2.8016,0,1],"rest":[1,0,0,0,0,0.9929,-0.1187,0,0,0.1187,0.9929,0,-0.0055,2.8016,0,1],"parentBoneIndex":40,"length":2.3635
,"animation":{"dataType":3,"framePerSecond":30,"keys":[
{"frame":1,"values":[1,0.0047,0,0,-0.0047,1,0,0,0,0,1,0,-0.0055,2.8016,0,1]},
{"frame":2,"values":[1,0.0047,0,0,-0.0047,1,0,0,0,0,1,0,-0.0055,2.8016,0,1]}],"loopBehavior":1,"name":"anim","property":"_matrix"}},
{"name":"mixamorig:RightHandIndex4","index":42,"matrix":[1,0,0,0,0,1,0,0,0,0,1,0,0.0065,2.3635,0,1],"rest":[1,0,0,0,0,1,0,0,0,0,1,0,0.0065,2.3635,0,1],"parentBoneIndex":41,"length":2.3636
,"animation":{"dataType":3,"framePerSecond":30,"keys":[
{"frame":1,"values":[1,0,0,0,0,1,0,0,0,0,1,0,0.0065,2.3635,0,1]},
{"frame":2,"values":[1,0,0,0,0,1,0,0,0,0,1,0,0.0065,2.3635,0,1]}],"loopBehavior":1,"name":"anim","property":"_matrix"}},
{"name":"mixamorig:RightHandMiddle1","index":43,"matrix":[0.9938,-0.1116,0.0001,0,0.1116,0.9936,-0.0151,0,0.0016,0.015,0.9999,0,0.8361,7.2628,-0.1101,1],"rest":[0.9994,-0.034,0,0,0.034,0.9994,0.0103,0,-0.0004,-0.0103,0.9999,0,0.8361,7.2628,-0.1101,1],"parentBoneIndex":34,"length":3.3111
,"animation":{"dataType":3,"framePerSecond":30,"keys":[
{"frame":1,"values":[0.9938,-0.1116,0.0001,0,0.1116,0.9936,-0.0151,0,0.0016,0.015,0.9999,0,0.8361,7.2628,-0.1101,1]},
{"frame":2,"values":[0.9938,-0.1116,0.0001,0,0.1116,0.9936,-0.0151,0,0.0016,0.015,0.9999,0,0.8361,7.2628,-0.1101,1]}],"loopBehavior":1,"name":"anim","property":"_matrix"}},
{"name":"mixamorig:RightHandMiddle2","index":44,"matrix":[1,-0.0028,-0.0001,0,0.0028,1,0,0,0.0001,0,1,0,0.0093,3.3111,0,1],"rest":[1,0,0,0,0,0.9978,0.0667,0,0,-0.0667,0.9978,0,0.0093,3.3111,0,1],"parentBoneIndex":43,"length":3.1892
,"animation":{"dataType":3,"framePerSecond":30,"keys":[
{"frame":1,"values":[1,-0.0028,-0.0001,0,0.0028,1,0,0,0.0001,0,1,0,0.0093,3.3111,0,1]},
{"frame":2,"values":[1,-0.0028,-0.0001,0,0.0028,1,0,0,0.0001,0,1,0,0.0093,3.3111,0,1]}],"loopBehavior":1,"name":"anim","property":"_matrix"}},
{"name":"mixamorig:RightHandMiddle3","index":45,"matrix":[1,-0.0034,0.0001,0,0.0034,1,0,0,-0.0001,0,1,0,0,3.1891,0,1],"rest":[1,0,0,0,0,0.9966,0.0824,0,0,-0.0824,0.9966,0,-0.0001,3.1892,0,1],"parentBoneIndex":44,"length":2.6915
,"animation":{"dataType":3,"framePerSecond":30,"keys":[
{"frame":1,"values":[1,-0.0034,0.0001,0,0.0034,1,0,0,-0.0001,0,1,0,0,3.1891,0,1]},
{"frame":2,"values":[1,-0.0034,0.0001,0,0.0034,1,0,0,-0.0001,0,1,0,0,3.1891,0,1]}],"loopBehavior":1,"name":"anim","property":"_matrix"}},
{"name":"mixamorig:RightHandMiddle4","index":46,"matrix":[1,0,0,0,0,1,0,0,0,0,1,0,-0.0092,2.6915,0,1],"rest":[1,0,0,0,0,1,0,0,0,0,1,0,-0.0092,2.6915,0,1],"parentBoneIndex":45,"length":2.6915
,"animation":{"dataType":3,"framePerSecond":30,"keys":[
{"frame":1,"values":[1,0,0,0,0,1,0,0,0,0,1,0,-0.0092,2.6915,0,1]},
{"frame":2,"values":[1,0,0,0,0,1,0,0,0,0,1,0,-0.0092,2.6915,0,1]}],"loopBehavior":1,"name":"anim","property":"_matrix"}},
{"name":"mixamorig:RightHandRing1","index":47,"matrix":[0.9935,-0.1138,0.002,0,0.1138,0.9934,-0.0151,0,-0.0003,0.0152,0.9999,0,-0.9853,7.4927,-0.0189,1],"rest":[0.9998,0.0184,0,0,-0.0184,0.9997,-0.0155,0,-0.0003,0.0155,0.9999,0,-0.9853,7.4927,-0.0188,1],"parentBoneIndex":34,"length":2.8155
,"animation":{"dataType":3,"framePerSecond":30,"keys":[
{"frame":1,"values":[0.9935,-0.1138,0.002,0,0.1138,0.9934,-0.0151,0,-0.0003,0.0152,0.9999,0,-0.9853,7.4927,-0.0189,1]},
{"frame":2,"values":[0.9935,-0.1138,0.002,0,0.1138,0.9934,-0.0151,0,-0.0003,0.0152,0.9999,0,-0.9853,7.4927,-0.0189,1]}],"loopBehavior":1,"name":"anim","property":"_matrix"}},
{"name":"mixamorig:RightHandRing2","index":48,"matrix":[1,-0.0006,0,0,0.0006,1,0,0,0,0,1,0,0.0015,2.8155,0,1],"rest":[1,0,0,0,0,0.9999,0.0124,0,0,-0.0124,0.9999,0,0.0015,2.8155,0,1],"parentBoneIndex":47,"length":2.7357
,"animation":{"dataType":3,"framePerSecond":30,"keys":[
{"frame":1,"values":[1,-0.0006,0,0,0.0006,1,0,0,0,0,1,0,0.0015,2.8155,0,1]},
{"frame":2,"values":[1,-0.0006,0,0,0.0006,1,0,0,0,0,1,0,0.0015,2.8155,0,1]}],"loopBehavior":1,"name":"anim","property":"_matrix"}},
{"name":"mixamorig:RightHandRing3","index":49,"matrix":[1,-0.0006,0,0,0.0006,1,0,0,0,0,1,0,-0.0001,2.7357,0,1],"rest":[1,0,0,0,0,0.9999,0.0136,0,0,-0.0136,0.9999,0,-0.0001,2.7357,-0.0001,1],"parentBoneIndex":48,"length":2.3532
,"animation":{"dataType":3,"framePerSecond":30,"keys":[
{"frame":1,"values":[1,-0.0006,0,0,0.0006,1,0,0,0,0,1,0,-0.0001,2.7357,0,1]},
{"frame":2,"values":[1,-0.0006,0,0,0.0006,1,0,0,0,0,1,0,-0.0001,2.7357,0,1]}],"loopBehavior":1,"name":"anim","property":"_matrix"}},
{"name":"mixamorig:RightHandRing4","index":50,"matrix":[1,0,0,0,0,1,0,0,0,0,1,0,-0.0014,2.3532,0,1],"rest":[1,0,0,0,0,1,0,0,0,0,1,0,-0.0014,2.3532,0,1],"parentBoneIndex":49,"length":2.3532
,"animation":{"dataType":3,"framePerSecond":30,"keys":[
{"frame":1,"values":[1,0,0,0,0,1,0,0,0,0,1,0,-0.0014,2.3532,0,1]},
{"frame":2,"values":[1,0,0,0,0,1,0,0,0,0,1,0,-0.0014,2.3532,0,1]}],"loopBehavior":1,"name":"anim","property":"_matrix"}},
{"name":"mixamorig:RightHandPinky1","index":51,"matrix":[0.9934,-0.1146,0.0036,0,0.1146,0.9933,-0.0151,0,-0.0018,0.0154,0.9999,0,-2.4177,7.4418,0.091,1],"rest":[0.9968,0.0794,0,0,-0.0794,0.9966,-0.0218,0,-0.0017,0.0218,0.9998,0,-2.4178,7.4418,0.0911,1],"parentBoneIndex":34,"length":2.4493
,"animation":{"dataType":3,"framePerSecond":30,"keys":[
{"frame":1,"values":[0.9934,-0.1146,0.0036,0,0.1146,0.9933,-0.0151,0,-0.0018,0.0154,0.9999,0,-2.4177,7.4418,0.091,1]},
{"frame":2,"values":[0.9934,-0.1146,0.0036,0,0.1146,0.9933,-0.0151,0,-0.0018,0.0154,0.9999,0,-2.4177,7.4418,0.091,1]}],"loopBehavior":1,"name":"anim","property":"_matrix"}},
{"name":"mixamorig:RightHandPinky2","index":52,"matrix":[1,-0.003,0.0001,0,0.003,1,0,0,-0.0001,0,1,0,-0.0007,2.4493,0,1],"rest":[1,0,0,0,0,0.9977,0.0681,0,0,-0.0681,0.9977,0,-0.0007,2.4493,0,1],"parentBoneIndex":51,"length":1.9661
,"animation":{"dataType":3,"framePerSecond":30,"keys":[
{"frame":1,"values":[1,-0.003,0.0001,0,0.003,1,0,0,-0.0001,0,1,0,-0.0007,2.4493,0,1]},
{"frame":2,"values":[1,-0.003,0.0001,0,0.003,1,0,0,-0.0001,0,1,0,-0.0007,2.4493,0,1]}],"loopBehavior":1,"name":"anim","property":"_matrix"}},
{"name":"mixamorig:RightHandPinky3","index":53,"matrix":[1,0.0077,0.0001,0,-0.0077,1,0,0,-0.0001,0,1,0,-0.0064,1.966,0,1],"rest":[1,0,0,0,0,0.9856,-0.1693,0,0,0.1693,0.9856,0,-0.0064,1.9661,0,1],"parentBoneIndex":52,"length":1.6121
,"animation":{"dataType":3,"framePerSecond":30,"keys":[
{"frame":1,"values":[1,0.0077,0.0001,0,-0.0077,1,0,0,-0.0001,0,1,0,-0.0064,1.966,0,1]},
{"frame":2,"values":[1,0.0077,0.0001,0,-0.0077,1,0,0,-0.0001,0,1,0,-0.0064,1.966,0,1]}],"loopBehavior":1,"name":"anim","property":"_matrix"}},
{"name":"mixamorig:RightHandPinky4","index":54,"matrix":[1,0,0,0,0,1,0,0,0,0,1,0,0.0071,1.6121,0,1],"rest":[1,0,0,0,0,1,0,0,0,0,1,0,0.0071,1.6121,0,1],"parentBoneIndex":53,"length":1.6121
,"animation":{"dataType":3,"framePerSecond":30,"keys":[
{"frame":1,"values":[1,0,0,0,0,1,0,0,0,0,1,0,0.0071,1.6121,0,1]},
{"frame":2,"values":[1,0,0,0,0,1,0,0,0,0,1,0,0.0071,1.6121,0,1]}],"loopBehavior":1,"name":"anim","property":"_matrix"}},
{"name":"mixamorig:LeftUpLeg","index":55,"matrix":[-0.9998,-0.0191,0.0005,0,0.0191,-0.9997,-0.0122,0,0.0008,-0.0122,0.9999,0,6.6202,-8.8169,-0.4472,1],"rest":[-0.9978,-0.0657,0.0011,0,0.0657,-0.9977,0.0156,0,0,0.0156,0.9999,0,6.6202,-8.8169,-0.4472,1],"parentBoneIndex":0,"length":36.1872
,"animation":{"dataType":3,"framePerSecond":30,"keys":[
{"frame":1,"values":[-0.9998,-0.0191,0.0005,0,0.0191,-0.9997,-0.0122,0,0.0008,-0.0122,0.9999,0,6.6202,-8.8169,-0.4472,1]},
{"frame":2,"values":[-0.9998,-0.0191,0.0005,0,0.0191,-0.9997,-0.0122,0,0.0008,-0.0122,0.9999,0,6.6202,-8.8169,-0.4472,1]}],"loopBehavior":1,"name":"anim","property":"_matrix"}},
{"name":"mixamorig:LeftLeg","index":56,"matrix":[0.9991,-0.0422,-0.0006,0,0.0421,0.9984,-0.0368,0,0.0021,0.0367,0.9993,0,-0.3723,36.1852,0.0883,1],"rest":[0.9991,-0.0422,0.0001,0,0.0422,0.9991,0.0064,0,-0.0003,-0.0064,1,0,-0.3722,36.1852,0.0884,1],"parentBoneIndex":55,"length":46.2631
,"animation":{"dataType":3,"framePerSecond":30,"keys":[
{"frame":1,"values":[0.9991,-0.0422,-0.0006,0,0.0421,0.9984,-0.0368,0,0.0021,0.0367,0.9993,0,-0.3723,36.1852,0.0883,1]},
{"frame":2,"values":[0.9991,-0.0422,-0.0006,0,0.0421,0.9984,-0.0368,0,0.0021,0.0367,0.9993,0,-0.3723,36.1852,0.0883,1]}],"loopBehavior":1,"name":"anim","property":"_matrix"}},
{"name":"mixamorig:LeftFoot","index":57,"matrix":[0.9976,0.05,-0.0476,0,0.0084,0.596,0.803,0,0.0685,-0.8015,0.5941,0,0,46.2631,0,1],"rest":[0.9988,0,-0.05,0,0.038,0.6503,0.7587,0,0.0325,-0.7596,0.6495,0,0,46.2631,0,1],"parentBoneIndex":56,"length":16.3686
,"animation":{"dataType":3,"framePerSecond":30,"keys":[
{"frame":1,"values":[0.9976,0.05,-0.0476,0,0.0084,0.596,0.803,0,0.0685,-0.8015,0.5941,0,0,46.2631,0,1]},
{"frame":2,"values":[0.9976,0.05,-0.0476,0,0.0084,0.596,0.803,0,0.0685,-0.8015,0.5941,0,0,46.2631,0,1]}],"loopBehavior":1,"name":"anim","property":"_matrix"}},
{"name":"mixamorig:LeftToeBase","index":58,"matrix":[0.9984,0.0001,0.056,0,-0.0348,0.7841,0.6197,0,-0.0438,-0.6206,0.7829,0,0,16.3686,0,1],"rest":[0.9984,0.0001,0.056,0,-0.0349,0.7841,0.6197,0,-0.0438,-0.6206,0.7829,0,0,16.3686,0,1],"parentBoneIndex":57,"length":6.665
,"animation":{"dataType":3,"framePerSecond":30,"keys":[
{"frame":1,"values":[0.9984,0.0001,0.056,0,-0.0348,0.7841,0.6197,0,-0.0438,-0.6206,0.7829,0,0,16.3686,0,1]},
{"frame":2,"values":[0.9984,0.0001,0.056,0,-0.0348,0.7841,0.6197,0,-0.0438,-0.6206,0.7829,0,0,16.3686,0,1]}],"loopBehavior":1,"name":"anim","property":"_matrix"}},
{"name":"mixamorig:LeftToe_End","index":59,"matrix":[1,0,0,0,0,1,0,0,0,0,1,0,0,6.665,0,1],"rest":[1,0,0,0,0,1,0,0,0,0,1,0,0,6.665,0,1],"parentBoneIndex":58,"length":6.665
,"animation":{"dataType":3,"framePerSecond":30,"keys":[
{"frame":1,"values":[1,0,0,0,0,1,0,0,0,0,1,0,0,6.665,0,1]},
{"frame":2,"values":[1,0,0,0,0,1,0,0,0,0,1,0,0,6.665,0,1]}],"loopBehavior":1,"name":"anim","property":"_matrix"}},
{"name":"mixamorig:RightUpLeg","index":60,"matrix":[-0.9998,0.0193,0.0002,0,-0.0193,-0.9994,-0.0287,0,-0.0003,-0.0287,0.9996,0,-6.6202,-8.8168,-0.4472,1],"rest":[-0.9978,0.0657,-0.0005,0,-0.0657,-0.9978,0.0071,0,0,0.0071,1,0,-6.6202,-8.8168,-0.4472,1],"parentBoneIndex":0,"length":36.1892
,"animation":{"dataType":3,"framePerSecond":30,"keys":[
{"frame":1,"values":[-0.9998,0.0193,0.0002,0,-0.0193,-0.9994,-0.0287,0,-0.0003,-0.0287,0.9996,0,-6.6202,-8.8168,-0.4472,1]},
{"frame":2,"values":[-0.9998,0.0193,0.0002,0,-0.0193,-0.9994,-0.0287,0,-0.0003,-0.0287,0.9996,0,-6.6202,-8.8168,-0.4472,1]}],"loopBehavior":1,"name":"anim","property":"_matrix"}},
{"name":"mixamorig:RightLeg","index":61,"matrix":[0.9991,0.0422,0.0009,0,-0.0422,0.999,-0.016,0,-0.0016,0.016,0.9999,0,0.3721,36.1839,0.4962,1],"rest":[0.9991,0.0422,0.0001,0,-0.0422,0.9991,0.0009,0,0,-0.0009,1,0,0.3721,36.1839,0.4962,1],"parentBoneIndex":60,"length":46.2533
,"animation":{"dataType":3,"framePerSecond":30,"keys":[
{"frame":1,"values":[0.9991,0.0422,0.0009,0,-0.0422,0.999,-0.016,0,-0.0016,0.016,0.9999,0,0.3721,36.1839,0.4962,1]},
{"frame":2,"values":[0.9991,0.0422,0.0009,0,-0.0422,0.999,-0.016,0,-0.0016,0.016,0.9999,0,0.3721,36.1839,0.4962,1]}],"loopBehavior":1,"name":"anim","property":"_matrix"}},
{"name":"mixamorig:RightFoot","index":62,"matrix":[0.9978,-0.049,0.0445,0,-0.0079,0.58,0.8146,0,-0.0657,-0.8131,0.5784,0,0,46.2533,0,1],"rest":[0.9989,0,0.0467,0,-0.0366,0.6212,0.7828,0,-0.029,-0.7837,0.6205,0,0,46.2534,0,1],"parentBoneIndex":61,"length":16.8634
,"animation":{"dataType":3,"framePerSecond":30,"keys":[
{"frame":1,"values":[0.9978,-0.049,0.0445,0,-0.0079,0.58,0.8146,0,-0.0657,-0.8131,0.5784,0,0,46.2533,0,1]},
{"frame":2,"values":[0.9978,-0.049,0.0445,0,-0.0079,0.58,0.8146,0,-0.0657,-0.8131,0.5784,0,0,46.2533,0,1]}],"loopBehavior":1,"name":"anim","property":"_matrix"}},
{"name":"mixamorig:RightToeBase","index":63,"matrix":[0.9986,-0.0001,-0.053,0,0.032,0.7987,0.6009,0,0.0423,-0.6018,0.7975,0,0,16.8634,0,1],"rest":[0.9986,-0.0001,-0.053,0,0.032,0.7987,0.6009,0,0.0423,-0.6018,0.7975,0,0,16.8634,0,1],"parentBoneIndex":62,"length":6.6776
,"animation":{"dataType":3,"framePerSecond":30,"keys":[
{"frame":1,"values":[0.9986,-0.0001,-0.053,0,0.032,0.7987,0.6009,0,0.0423,-0.6018,0.7975,0,0,16.8634,0,1]},
{"frame":2,"values":[0.9986,-0.0001,-0.053,0,0.032,0.7987,0.6009,0,0.0423,-0.6018,0.7975,0,0,16.8634,0,1]}],"loopBehavior":1,"name":"anim","property":"_matrix"}},
{"name":"mixamorig:RightToe_End","index":64,"matrix":[1,0,-0.0002,0,0,1,0,0,0.0002,0,1,0,0,6.6776,0,1],"rest":[1,0,-0.0002,0,0,1,0,0,0.0002,0,1,0,0,6.6776,0,1],"parentBoneIndex":63,"length":6.6776
,"animation":{"dataType":3,"framePerSecond":30,"keys":[
{"frame":1,"values":[1,0,-0.0002,0,0,1,0,0,0.0002,0,1,0,0,6.6776,0,1]},
{"frame":2,"values":[1,0,-0.0002,0,0,1,0,0,0.0002,0,1,0,0,6.6776,0,1]}],"loopBehavior":1,"name":"anim","property":"_matrix"}}]
,"ranges":[{"name":"Armature|mixamo.com|Layer0","from":0,"to":2}]}],
"meshes":[{"name":"michelle_body","id":"michelle_body","materialId":"Ch03_Body","billboardMode":0,"position":[0,0,0],"rotation":[0,0,0],"scaling":[1,1,1],"isVisible":true,"freezeWorldMatrix":false,"isEnabled":true,"checkCollisions":false,"receiveShadows":false,"pickable":true,"tags":"","skeletonId":0,"numBoneInfluencers":7
,"positions":[-63.2994,126.6083,-2.9305,-63.3567,126.7307,-2.4332,-63.0413,126.6055,-2.9786,-63.2011,128.1938,-3.0663,-62.9003,128.281,-2.585,-63.2983,128.0944,-2.6711,-64.0536,126.5997,-2.9324,-63.6634,126.78,-2.5292,-63.4481,126.6441,-2.9435,-64.1618,128.1589,-3.0349,-63.7081,128.0223,-2.6572,-64.1455,127.9746,-2.6114,-64.9993,126.6594,-2.9345,-64.1233,126.7701,-2.4992,-64.8508,128.1079,-3.0274,-64.9096,127.9543,-2.596,-63.5363,127.211,-2.3451
,-63.4802,126.7627,-2.5321,-63.7291,127.1907,-2.3112,-64.1703,127.1644,-2.3037,-65.0356,126.8157,-2.5056,-65.0617,127.1844,-2.2564,-63.4597,127.6883,-2.3946,-63.4478,127.2364,-2.292,-63.5363,127.211,-2.3451,-64.1162,127.5995,-2.3766,-63.7291,127.1907,-2.3112,-64.1703,127.1644,-2.3037,-64.1703,127.1644,-2.3037,-65.0054,127.5792,-2.3211,-63.3315,127.6927,-2.3551,-63.6682,127.6443,-2.387,-65.2307,126.6918,-2.9601,-64.9555,126.8497,-3.4167
,-65.1887,126.9123,-3.4206,-65.2777,126.8423,-2.521,-65.3033,127.2327,-2.2505,-65.4559,126.8804,-3.4054,-65.5379,126.6929,-2.9481,-65.4786,127.3579,-3.7051,-65.5924,127.7151,-3.66,-66.0789,127.287,-3.6449,-65.4786,127.3579,-3.7051,-66.1177,127.6843,-3.6594,-65.6648,128.0428,-3.4172,-66.1643,128.0063,-3.4222,-65.7098,128.1161,-3.0055,-65.2992,128.0446,-2.5989,-65.6681,127.9664,-2.5807,-65.5372,127.1981,-2.2699,-65.5377,126.8305,-2.5093
,-65.6029,127.625,-2.3332,-65.3146,127.595,-2.3111,-66.0556,126.9069,-3.362,-66.094,126.765,-2.9207,-66.0789,127.287,-3.6449,-66.1659,126.9295,-2.522,-66.9992,126.897,-3.3458,-66.6338,126.7741,-2.9316,-66.6035,126.9028,-3.3359,-67.042,126.7607,-2.9355,-66.697,126.9229,-2.5344,-66.6297,127.2817,-3.6355,-67.1087,127.2716,-3.6269,-67.1154,127.6387,-3.6253,-66.6297,127.2817,-3.6355,-66.6446,127.6789,-3.6544,-67.1177,127.9551,-3.4647
,-66.6626,127.9866,-3.4401,-67.1185,128.0623,-3.0633,-66.7285,127.9604,-2.6179,-67.2254,127.9463,-2.6326,-67.1819,126.9204,-2.5137,-66.7248,127.2854,-2.3263,-67.2627,127.3299,-2.3249,-66.7336,127.6751,-2.3683,-66.7248,127.2854,-2.3263,-67.2465,127.657,-2.3847,-67.2997,126.9198,-3.3553,-67.3425,126.7805,-2.9418,-67.2877,127.3304,-3.6262,-67.2877,127.3304,-3.6262,-67.3378,127.6478,-3.64,-67.362,128.0106,-3.4759,-67.3882,128.107,-3.0607
,-67.4471,128.0025,-2.6476,-67.3842,126.9799,-2.5184,-67.2627,127.3299,-2.3249,-67.4096,127.331,-2.3293,-67.4657,127.6629,-2.3851,-67.5698,126.9258,-3.3754,-67.5603,126.924,-2.5396,-67.6221,126.7844,-2.958,-67.4958,127.2933,-3.6402,-67.4958,127.2933,-3.6402,-67.4914,127.6697,-3.6404,-67.5759,127.9562,-3.4715,-67.6715,128.0543,-3.0237,-67.6612,127.9463,-2.6433,-67.5786,127.3463,-2.3452,-67.5786,127.3463,-2.3452,-67.6611,127.6741,-2.3983
,-67.9909,126.8274,-3.0203,-67.9173,126.9574,-3.434,-67.9885,126.911,-2.6378,-67.8012,127.3292,-3.6413,-67.8012,127.3292,-3.6413,-67.8376,127.6963,-3.632,-67.9261,127.9575,-3.3624,-67.8561,128.0008,-3.0062,-67.9668,127.9253,-2.6616,-67.8745,127.2277,-2.4015,-67.8745,127.2277,-2.4015,-67.5786,127.3463,-2.3452,-67.9607,127.6531,-2.403,-65.5372,127.1981,-2.2699,-66.1683,127.2538,-2.3193,-66.1974,127.6574,-2.3547,-66.1989,127.9766,-2.6251
,-65.3033,127.2327,-2.2505,-66.202,128.1043,-3.0076,-65.2901,128.187,-3.0198,-65.4786,127.3579,-3.7051,-65.1977,127.708,-3.702,-65.2546,128.1224,-3.4338,-66.6897,128.092,-3.0436,-64.8731,128.0465,-3.4413,-64.0957,128.082,-3.4452,-63.655,128.1721,-3.0698,-63.5627,128.0421,-3.4524,-62.747,128.2862,-3.0337,-63.09,128.0384,-3.4201,-62.5009,128.1465,-3.4198,-63.2295,126.7525,-3.4137,-62.7829,126.7609,-3.4243,-63.1858,127.2261,-3.6989
